1	724	1	252	1	138	1	46	1	30	1	108	2	0.734694	3	0.464957	2	272	1	585	1	72	1	98	1
2	10	1	4	1	0	1	1	1	1	1	0	1	0	1	0.5	2	5	1	10	1	0	1	1	1
3	1393	2	627	2	160	1	67	2	48	1	5	1	0.756579	4	0.495295	2	579	2	1169	2	230	2	304	2
4	4	1	5	1	2	1	1	1	1	1	0	1	0.666667	3	0.166667	1	1	1	6	1	2	1	3	1
5	105	1	82	1	16	1	11	1	5	1	1	1	0.923077	4	0.396552	2	46	1	116	1	12	1	13	1
6	1304	2	253	1	210	1	64	1	25	1	145	3	0.913043	4	0.476876	2	464	2	973	2	231	2	253	2
7	330	1	145	1	72	1	59	1	19	1	0	1	0.605042	3	0.509881	3	129	1	253	1	72	1	119	1
8	854	2	258	1	352	2	100	2	20	1	116	2	0.728395	3	0.347534	2	310	2	892	2	118	1	162	1
9	371	1	346	1	31	1	24	1	73	1	0	1	0.544715	3	0.550725	3	152	1	276	1	67	1	123	1
10	2	1	1	1	0	1	0	1	0	1	0	1	0	1	0.333333	2	1	1	3	1	0	1	0	1
11	448	1	483	2	33	1	42	1	143	2	0	1	0.694915	3	0.565737	3	142	1	251	1	164	1	236	2
12	367	1	208	1	44	1	15	1	12	1	27	1	0.686567	3	0.432353	2	147	1	340	1	46	1	67	1
13	487	1	202	1	37	1	25	1	14	1	78	2	0.865854	4	0.435567	2	169	1	388	1	71	1	82	1
14	1943	3	454	2	222	1	88	2	30	1	59	1	0.830065	4	0.458056	2	688	3	1502	3	508	3	612	3
15	218	1	249	1	12	1	20	1	109	2	0	1	0.717391	3	0.477987	2	76	1	159	1	66	1	92	1
16	722	1	133	1	230	2	41	1	9	1	63	1	0.73913	3	0.410714	2	253	1	616	1	153	1	207	1
17	1072	2	403	1	276	2	126	2	40	1	136	3	0.649123	3	0.394394	2	394	2	999	2	148	1	228	2
18	142	1	162	1	42	1	30	1	24	1	0	1	0.46875	2	0.35443	2	56	1	158	1	30	1	64	1
19	439	1	130	1	225	2	36	1	6	1	7	1	0.844444	4	0.474667	2	178	1	375	1	76	1	90	1
20	845	2	331	1	234	2	106	2	21	1	105	2	0.688172	3	0.413514	2	306	2	740	2	128	1	186	1
21	143	1	110	1	15	1	14	1	14	1	0	1	0.566667	3	0.431507	2	63	1	146	1	17	1	30	1
22	161	1	29	1	91	1	17	1	0	1	22	1	0.925926	4	0.363057	2	57	1	157	1	25	1	27	1
23	508	1	97	1	193	1	45	1	5	1	70	2	0.778626	4	0.386207	2	168	1	435	1	102	1	131	1
24	125	1	41	1	10	1	5	1	9	1	10	1	0.678571	3	0.545455	3	48	1	88	1	19	1	28	1
25	14	1	23	1	7	1	8	1	2	1	0	1	0.333333	2	0.333333	2	6	1	18	1	2	1	6	1
26	109	1	23	1	26	1	12	1	2	1	7	1	0.827586	4	0.534247	3	39	1	73	1	24	1	29	1
27	418	1	69	1	64	1	23	1	12	1	44	1	0.876712	4	0.424658	2	155	1	365	1	64	1	73	1
28	596	1	146	1	258	2	35	1	6	1	56	1	0.844444	4	0.440228	2	232	1	527	1	76	1	90	1
29	1376	2	493	2	93	1	25	1	111	2	121	2	0.773504	4	0.469816	2	537	2	1143	2	181	1	234	2
30	716	1	445	2	134	1	59	1	30	1	66	2	0.739726	3	0.486535	2	271	1	557	1	108	1	146	1
31	82	1	77	1	8	1	4	1	4	1	0	1	0.758621	4	0.441176	2	30	1	68	1	22	1	29	1
32	290	1	127	1	19	1	12	1	27	1	0	1	0.825397	4	0.51073	3	119	1	233	1	52	1	63	1
33	534	1	312	1	164	1	53	1	76	1	101	2	0.726415	3	0.39821	2	178	1	447	1	77	1	106	1
34	36	1	23	1	3	1	4	1	2	1	1	1	0.7	3	0.35	2	14	1	40	1	7	1	10	1
35	375	1	141	1	44	1	24	1	25	1	54	1	0.843137	4	0.518657	3	139	1	268	1	43	1	51	1
36	630	1	120	1	172	1	26	1	5	1	29	1	0.830579	4	0.414079	2	200	1	483	1	201	2	242	2
37	1156	2	498	2	100	1	80	2	49	1	28	1	0.8	4	0.45	2	468	2	1040	2	192	2	240	2
38	397	1	78	1	74	1	29	1	12	1	45	1	0.807692	4	0.518395	3	155	1	299	1	42	1	52	1
39	469	1	95	1	89	1	42	1	5	1	60	1	0.834711	4	0.406332	2	154	1	379	1	101	1	121	1
40	459	1	132	1	104	1	39	1	12	1	73	2	0.716418	3	0.38149	2	169	1	443	1	48	1	67	1
41	142	1	46	1	26	1	8	1	4	1	24	1	1	4	0.459016	2	56	1	122	1	6	1	6	1
42	118	1	52	1	16	1	2	1	17	1	14	1	0.923077	4	0.4	2	40	1	100	1	24	1	26	1
43	730	1	184	1	310	2	67	2	3	1	126	2	0.860759	4	0.416149	2	268	1	644	1	68	1	79	1
44	166	1	259	1	57	1	20	1	44	1	0	1	0.16	1	0.591241	3	81	1	137	1	4	1	25	1
45	1427	2	228	1	409	2	82	2	9	1	157	3	0.910156	4	0.417879	2	402	2	962	2	466	3	512	3
46	638	1	526	2	65	1	50	1	39	1	0	1	0.546584	3	0.555556	3	275	1	495	1	88	1	161	1
47	1172	2	374	1	760	4	116	2	12	1	232	4	0.75	3	0.415709	2	434	2	1044	2	72	1	96	1
48	1143	2	509	2	170	1	85	2	71	1	13	1	0.74359	3	0.478478	2	478	2	999	2	174	1	234	2
49	347	1	176	1	95	1	45	1	12	1	70	2	0.74	3	0.402685	2	120	1	298	1	37	1	50	1
50	1095	2	701	2	127	1	39	1	175	3	0	1	0.628692	3	0.51978	3	473	2	910	2	149	1	237	2
51	457	1	214	1	68	1	30	1	24	1	90	2	0.729167	3	0.446237	2	166	1	372	1	35	1	48	1
52	253	1	315	1	29	1	30	1	48	1	0	1	0.327586	2	0.524664	3	117	1	223	1	19	1	58	1
53	1519	2	874	3	247	2	84	2	36	1	0	1	0.742188	3	0.561931	3	617	3	1098	2	285	2	384	2
54	1678	3	759	2	166	1	43	1	68	1	8	1	0.79661	4	0.518135	3	600	2	1158	2	470	3	590	3
55	4	1	2	1	0	1	1	1	0	1	0	1	1	4	1	4	1	1	1	1	2	1	2	1
56	440	1	75	1	171	1	24	1	3	1	19	1	0.865169	4	0.426799	2	172	1	403	1	77	1	89	1
57	996	2	461	2	109	1	82	2	80	2	0	1	0.738197	3	0.480186	2	412	2	858	2	172	1	233	2
58	1066	2	279	1	193	1	117	2	29	1	82	2	0.648438	3	0.43098	2	409	2	949	2	166	1	256	2
59	1022	2	374	1	308	2	182	3	30	1	16	1	0.639098	3	0.487179	2	418	2	858	2	170	1	266	2
60	38	1	50	1	2	1	2	1	6	1	0	1	0.166667	1	0.346154	2	18	1	52	1	2	1	12	1
61	147	1	213	1	22	1	15	1	5	1	0	1	0.596774	3	0.533981	3	55	1	103	1	37	1	62	1
62	1604	2	215	1	434	2	69	2	14	1	209	4	0.822148	4	0.432006	2	575	2	1331	2	245	2	298	2
63	430	1	76	1	176	1	30	1	2	1	52	1	0.866667	4	0.371308	2	176	1	474	1	26	1	30	1
64	798	1	248	1	130	1	66	1	12	1	116	2	0.802326	4	0.376731	2	272	1	722	2	138	1	172	1
65	186	1	78	1	19	1	21	1	10	1	2	1	0.666667	3	0.462585	2	68	1	147	1	48	1	72	1
66	157	1	177	1	22	1	15	1	12	1	0	1	0.336735	2	0.5	2	62	1	124	1	33	1	98	1
67	667	1	183	1	108	1	57	1	31	1	62	1	0.818182	4	0.427365	2	253	1	592	1	99	1	121	1
68	1970	3	391	1	365	2	113	2	20	1	99	2	0.81146	4	0.456342	2	716	3	1569	3	439	3	541	3
69	657	1	220	1	88	1	34	1	11	1	92	2	0.770115	4	0.440708	2	249	1	565	1	67	1	87	1
70	2412	3	922	3	312	2	232	4	48	1	84	2	0.838095	4	0.428164	2	900	3	2102	3	528	3	630	3
71	979	2	240	1	116	1	36	1	68	1	145	3	0.841379	4	0.409195	2	356	2	870	2	122	1	145	1
72	977	2	541	2	68	1	35	1	94	2	0	1	0.739464	3	0.569767	3	392	2	688	1	193	2	261	2
73	628	1	142	1	283	2	55	1	7	1	12	1	0.797753	4	0.44382	2	237	1	534	1	142	1	178	1
74	699	1	142	1	404	2	47	1	7	1	68	2	0.798077	4	0.482394	2	274	1	568	1	83	1	104	1
75	1112	2	1742	4	372	2	190	3	292	4	4	1	0.639344	3	0.47505	2	476	2	1002	2	156	1	244	2
76	48	1	29	1	24	1	9	1	3	1	3	1	0.944444	4	0.388889	2	14	1	36	1	17	1	18	1
77	319	1	137	1	37	1	25	1	20	1	41	1	0.825397	4	0.400709	2	113	1	282	1	52	1	63	1
78	209	1	150	1	33	1	28	1	9	1	0	1	0.622642	3	0.396396	2	88	1	222	1	33	1	53	1
79	46	1	12	1	6	1	5	1	0	1	4	1	1	4	0.36	2	18	1	50	1	6	1	6	1
80	180	1	89	1	160	1	39	1	13	1	17	1	0.846154	4	0.41989	2	76	1	181	1	11	1	13	1
81	1244	2	293	1	236	2	53	1	18	1	119	2	0.839869	4	0.427586	2	434	2	1015	2	257	2	306	2
82	792	1	349	1	95	1	54	1	17	1	75	2	0.672414	3	0.446429	2	300	1	672	1	117	1	174	1
83	521	1	135	1	246	2	91	2	12	1	75	2	0.745455	3	0.400881	2	182	1	454	1	82	1	110	1
84	333	1	320	1	16	1	17	1	55	1	0	1	0.732484	3	0.573684	3	109	1	190	1	115	1	157	1
85	993	2	348	1	138	1	46	1	49	1	40	1	0.80625	4	0.47907	2	412	2	860	2	129	1	160	1
86	140	1	62	1	21	1	7	1	13	1	2	1	0.722222	3	0.370861	2	56	1	151	1	26	1	36	1
87	946	2	192	1	432	2	78	2	4	1	46	1	0.850575	4	0.476553	2	376	2	789	2	148	1	174	1
88	16	1	14	1	4	1	3	1	2	1	0	1	0	1	0.347826	2	8	1	23	1	0	1	2	1
89	34	1	62	1	6	1	2	1	3	1	0	1	0.4	2	0.387097	2	12	1	31	1	10	1	25	1
90	111	1	50	1	44	1	23	1	1	1	4	1	0.619048	3	0.367188	2	47	1	128	1	13	1	21	1
91	439	1	384	1	38	1	37	1	48	1	1	1	0.691589	3	0.588997	3	182	1	309	1	74	1	107	1
92	959	2	191	1	425	2	109	2	12	1	82	2	0.743316	3	0.444578	2	369	2	830	2	139	1	187	1
93	6	1	3	1	7	1	0	1	0	1	0	1	0	1	0.3	2	3	1	10	1	0	1	2	1
94	21	1	9	1	1	1	0	1	2	1	2	1	0.714286	3	0.304348	2	7	1	23	1	5	1	7	1
95	223	1	82	1	43	1	14	1	10	1	40	1	0.84	4	0.320158	2	81	1	253	1	21	1	25	1
96	1425	2	201	1	238	2	61	1	12	1	163	3	0.857143	4	0.448869	2	496	2	1105	2	270	2	315	2
97	243	1	160	1	14	1	24	1	22	1	0	1	0.645833	3	0.495327	2	106	1	214	1	31	1	48	1
98	26	1	13	1	0	1	0	1	1	1	0	1	0.588235	3	0.380952	2	8	1	21	1	10	1	17	1
99	0	1	0	1	0	1	0	1	0	1	0	1	0	1	0	1	0	1	0	1	0	1	0	1
100	1399	2	356	1	472	3	152	3	19	1	166	3	0.885	4	0.461942	2	528	2	1143	2	177	1	200	1
101	667	1	784	2	64	1	42	1	151	2	0	1	0.729323	3	0.544933	3	285	1	523	1	97	1	133	1
102	328	1	400	1	31	1	15	1	77	1	1	1	0.60396	3	0.624413	3	133	1	213	1	61	1	101	1
103	288	1	95	1	66	1	27	1	6	1	6	1	0.607143	3	0.497992	2	124	1	249	1	34	1	56	1
104	1145	2	266	1	598	3	126	2	43	1	82	2	0.821306	4	0.405911	2	412	2	1015	2	239	2	291	2
105	340	1	205	1	35	1	21	1	14	1	0	1	0.695652	3	0.437276	2	122	1	279	1	96	1	138	1
106	5	1	0	1	3	1	0	1	1	1	0	1	0.5	2	0.5	2	2	1	4	1	1	1	2	1
107	158	1	57	1	39	1	11	1	3	1	16	1	0.580645	3	0.433566	2	62	1	143	1	18	1	31	1
108	349	1	174	1	34	1	25	1	26	1	29	1	0.821429	4	0.464407	2	137	1	295	1	46	1	56	1
109	825	1	394	1	202	1	80	2	21	1	134	3	0.781513	4	0.40847	2	299	1	732	2	93	1	119	1
110	1230	2	512	2	143	1	66	1	61	1	32	1	0.763636	4	0.466469	2	473	2	1014	2	252	2	330	2
111	662	1	223	1	53	1	43	1	18	1	4	1	0.762887	4	0.498047	2	255	1	512	1	148	1	194	1
112	5	1	4	1	3	1	1	1	0	1	1	1	0	1	0.2	1	2	1	10	1	0	1	0	1
113	925	2	424	1	325	2	60	1	57	1	66	2	0.768707	4	0.482536	2	373	2	773	2	113	1	147	1
114	12	1	6	1	16	1	8	1	0	1	2	1	0.25	1	0.2	1	4	1	20	1	2	1	8	1
115	32	1	65	1	5	1	5	1	14	1	0	1	0.222222	1	0.517241	3	15	1	29	1	2	1	9	1
116	364	1	54	1	135	1	34	1	0	1	59	1	0.770492	4	0.398148	2	129	1	324	1	47	1	61	1
117	46	1	86	1	4	1	6	1	4	1	0	1	0.416667	2	0.45	2	18	1	40	1	10	1	24	1
118	657	1	198	1	93	1	55	1	19	1	14	1	0.847134	4	0.445026	2	255	1	573	1	133	1	157	1
119	481	1	108	1	112	1	42	1	3	1	68	2	0.808824	4	0.457801	2	179	1	391	1	55	1	68	1
120	635	1	171	1	241	2	48	1	8	1	74	2	0.735849	3	0.452138	2	222	1	491	1	117	1	159	1
121	674	1	281	1	115	1	81	2	16	1	120	2	0.753623	4	0.459184	2	225	1	490	1	104	1	138	1
122	494	1	178	1	378	2	59	1	3	1	90	2	0.715789	3	0.372506	2	168	1	451	1	68	1	95	1
123	1395	2	788	2	246	2	45	1	117	2	2	1	0.724599	3	0.518484	3	561	2	1082	2	271	2	374	2
124	666	1	236	1	103	1	38	1	15	1	75	2	0.841772	4	0.410394	2	229	1	558	1	133	1	158	1
125	2472	3	623	2	231	2	112	2	84	2	128	2	0.9	4	0.476019	2	794	3	1668	3	756	4	840	4
126	505	1	159	1	74	1	20	1	5	1	64	1	0.871429	4	0.424107	2	190	1	448	1	61	1	70	1
127	1631	2	257	1	340	2	143	3	25	1	77	2	0.752577	4	0.448791	2	631	3	1406	2	292	2	388	2
128	24	1	28	1	4	1	2	1	0	1	0	1	0.4	2	0.333333	2	10	1	30	1	4	1	10	1
129	453	1	154	1	48	1	34	1	17	1	57	1	0.754098	4	0.445293	2	175	1	393	1	46	1	61	1
130	95	1	105	1	8	1	14	1	4	1	0	1	0.45	2	0.492754	2	34	1	69	1	27	1	60	1
131	1450	2	380	1	414	2	109	2	26	1	36	1	0.748387	3	0.457511	2	533	2	1165	2	348	2	465	3
132	591	1	131	1	127	1	52	1	11	1	86	2	0.670588	3	0.434951	2	224	1	515	1	57	1	85	1
133	968	2	288	1	446	2	123	2	22	1	60	1	0.763006	4	0.458629	2	388	2	846	2	132	1	173	1
134	503	1	164	1	127	1	62	1	11	1	98	2	0.867347	4	0.378251	2	160	1	423	1	85	1	98	1
135	128	1	90	1	15	1	6	1	19	1	0	1	0.421053	2	0.547368	3	52	1	95	1	24	1	57	1
136	404	1	142	1	86	1	20	1	12	1	64	1	0.533333	3	0.440217	2	162	1	368	1	16	1	30	1
137	615	1	170	1	201	1	90	2	9	1	78	2	0.856061	4	0.379928	2	212	1	558	1	113	1	132	1
138	1094	2	191	1	356	2	82	2	2	1	77	2	0.825926	4	0.417017	2	397	2	952	2	223	2	270	2
139	484	1	149	1	180	1	44	1	11	1	8	1	0.77037	4	0.444976	2	186	1	418	1	104	1	135	1
140	49	1	81	1	21	1	3	1	4	1	0	1	0.555556	3	0.478261	2	22	1	46	1	5	1	9	1
141	704	1	130	1	228	2	33	1	10	1	63	1	0.889655	4	0.41357	2	256	1	619	1	129	1	145	1
142	904	2	427	1	113	1	64	1	74	1	172	3	0.809917	4	0.450925	2	317	2	703	1	98	1	121	1
143	88	1	92	1	12	1	9	1	13	1	0	1	0.4	2	0.438202	2	39	1	89	1	10	1	25	1
144	106	1	29	1	39	1	12	1	0	1	7	1	0.5	2	0.463415	2	38	1	82	1	23	1	46	1
145	1221	2	398	1	135	1	75	2	58	1	186	3	0.81759	4	0.422869	2	392	2	927	2	251	2	307	2
146	202	1	66	1	45	1	10	1	19	1	23	1	0.882353	4	0.465909	2	82	1	176	1	15	1	17	1
147	990	2	506	2	185	1	68	2	57	1	1	1	0.837104	4	0.520725	3	402	2	772	2	185	1	221	2
148	1008	2	640	2	165	1	69	2	109	2	0	1	0.670213	3	0.580645	3	378	2	651	1	252	2	376	2
149	1190	2	734	2	218	1	37	1	113	2	0	1	0.790055	4	0.535545	3	452	2	844	2	286	2	362	2
150	1567	2	472	2	153	1	118	2	64	1	66	2	0.7525	4	0.465839	2	600	2	1288	2	301	2	400	2
151	81	1	33	1	7	1	7	1	1	1	7	1	0.62069	3	0.474576	2	28	1	59	1	18	1	29	1
152	242	1	114	1	32	1	41	1	10	1	48	1	0.695652	3	0.432039	2	89	1	206	1	16	1	23	1
153	355	1	73	1	70	1	25	1	7	1	71	2	0.693878	3	0.466418	2	125	1	268	1	34	1	49	1
154	735	1	611	2	70	1	50	1	104	2	0	1	0.645714	3	0.494436	2	311	2	629	1	113	1	175	1
155	138	1	102	1	26	1	18	1	4	1	0	1	0.565217	3	0.466667	2	56	1	120	1	26	1	46	1
156	2	1	1	1	0	1	1	1	0	1	0	1	0	1	1	4	1	1	1	1	0	1	0	1
157	1237	2	284	1	370	2	103	2	24	1	132	3	0.870423	4	0.440753	2	398	2	903	2	309	2	355	2
158	832	1	348	1	124	1	62	1	16	1	74	2	0.825397	4	0.446721	2	327	2	732	2	104	1	126	1
159	1526	2	1084	3	94	1	82	2	116	2	2	1	0.861111	4	0.478405	2	576	2	1204	2	372	2	432	2
160	855	2	119	1	166	1	49	1	6	1	75	2	0.86087	4	0.416309	2	291	1	699	1	198	2	230	2
161	1045	2	160	1	186	1	69	2	14	1	119	2	0.742475	3	0.44898	2	352	2	784	2	222	2	299	2
162	293	1	341	1	17	1	17	1	70	1	0	1	0.68	3	0.53304	3	121	1	227	1	51	1	75	1
163	266	1	123	1	22	1	23	1	7	1	2	1	0.739726	3	0.519802	3	105	1	202	1	54	1	73	1
164	296	1	135	1	23	1	20	1	10	1	16	1	0.646154	3	0.495833	2	119	1	240	1	42	1	65	1
165	1497	2	342	1	171	1	94	2	51	1	158	3	0.848131	4	0.428446	2	488	2	1139	2	363	2	428	2
166	208	1	212	1	44	1	18	1	22	1	0	1	0.714286	3	0.512195	3	84	1	164	1	40	1	56	1
167	40	1	17	1	5	1	6	1	3	1	6	1	0.666667	3	0.384615	2	15	1	39	1	4	1	6	1
168	647	1	234	1	71	1	41	1	53	1	69	2	0.642857	3	0.44123	2	244	1	553	1	90	1	140	1
169	1239	2	490	2	134	1	104	2	72	1	104	2	0.73991	3	0.453271	2	485	2	1070	2	165	1	223	2
170	638	1	129	1	152	1	32	1	11	1	47	1	0.833333	4	0.456722	2	248	1	543	1	95	1	114	1
171	10	1	2	1	1	1	0	1	2	1	0	1	0.5	2	0.4	2	4	1	10	1	2	1	4	1
172	62	1	75	1	10	1	1	1	14	1	0	1	0.736842	3	0.387097	2	24	1	62	1	14	1	19	1
173	99	1	49	1	16	1	4	1	9	1	2	1	0.566667	3	0.526316	3	40	1	76	1	17	1	30	1
174	25	1	10	1	0	1	0	1	2	1	3	1	0.4	2	0.47619	2	10	1	21	1	2	1	5	1
175	831	1	122	1	202	1	30	1	3	1	41	1	0.846473	4	0.408647	2	293	1	717	2	204	2	241	2
176	246	1	138	1	28	1	17	1	8	1	0	1	0.743363	3	0.36	2	81	1	225	1	84	1	113	1
177	753	1	244	1	137	1	80	2	20	1	93	2	0.808333	4	0.403114	2	233	1	578	1	194	2	240	2
178	1276	2	405	1	110	1	62	1	26	1	140	3	0.757098	4	0.434951	2	448	2	1030	2	240	2	317	2
179	1080	2	203	1	423	2	79	2	18	1	60	1	0.797927	4	0.402715	2	356	2	884	2	308	2	386	2
180	58	1	48	1	6	1	10	1	2	1	0	1	0.636364	3	0.366667	2	22	1	60	1	14	1	22	1
181	4	1	4	1	12	1	4	1	2	1	0	1	0	1	0.5	2	2	1	4	1	0	1	0	1
182	771	1	629	2	52	1	30	1	23	1	0	1	0.761658	4	0.493671	2	312	2	632	1	147	1	193	1
183	232	1	152	1	50	1	17	1	9	1	0	1	0.753623	4	0.410959	2	90	1	219	1	52	1	69	1
184	723	1	436	2	158	1	32	1	83	2	26	1	0.688679	3	0.468468	2	312	2	666	1	73	1	106	1
185	358	1	465	2	139	1	73	2	43	1	0	1	0.545455	3	0.489362	2	161	1	329	1	36	1	66	1
186	350	1	108	1	40	1	29	1	9	1	60	1	0.777778	4	0.420732	2	138	1	328	1	14	1	18	1
187	1408	2	1430	4	86	1	52	1	316	4	0	1	0.620408	3	0.562118	3	552	2	982	2	304	2	490	3
188	357	1	80	1	72	1	18	1	9	1	37	1	0.827586	4	0.437299	2	136	1	311	1	48	1	58	1
189	113	1	55	1	13	1	10	1	9	1	4	1	0.744681	3	0.355769	2	37	1	104	1	35	1	47	1
190	946	2	464	2	158	1	30	1	131	2	3	1	0.754464	4	0.494885	2	387	2	782	2	169	1	224	2
191	689	1	400	1	40	1	36	1	39	1	0	1	0.680982	3	0.55364	3	289	1	522	1	111	1	163	1
192	1135	2	627	2	203	1	115	2	82	2	0	1	0.704327	3	0.587169	3	421	2	717	2	293	2	416	2
193	964	2	205	1	226	2	69	2	26	1	75	2	0.772152	4	0.47832	2	353	2	738	2	183	1	237	2
194	912	2	445	2	193	1	60	1	36	1	35	1	0.816733	4	0.477952	2	336	2	703	1	205	2	251	2
195	488	1	350	1	40	1	28	1	42	1	0	1	0.676471	3	0.492537	2	198	1	402	1	92	1	136	1
196	805	1	260	1	330	2	85	2	24	1	104	2	0.752212	4	0.409031	2	308	2	753	2	85	1	113	1
197	587	1	191	1	280	2	79	2	18	1	62	1	0.755814	4	0.442308	2	230	1	520	1	65	1	86	1
198	447	1	207	1	51	1	19	1	38	1	0	1	0.689873	3	0.557756	3	169	1	303	1	109	1	158	1
199	1148	2	799	2	189	1	59	1	91	2	1	1	0.788889	4	0.551358	3	467	2	847	2	213	2	270	2
200	946	2	218	1	170	1	80	2	14	1	158	3	0.923077	4	0.38022	2	346	2	910	2	96	1	104	1
201	1503	2	1082	3	144	1	75	2	228	3	0	1	0.591912	3	0.611511	3	510	2	834	2	483	3	816	4
202	892	2	250	1	96	1	52	1	22	1	46	1	0.784173	4	0.404639	2	314	2	776	2	218	2	278	2
203	437	1	335	1	61	1	27	1	10	1	0	1	0.785714	4	0.509333	3	191	1	375	1	55	1	70	1
204	116	1	36	1	26	1	16	1	6	1	10	1	0.846154	4	0.396226	2	42	1	106	1	22	1	26	1
205	822	1	284	1	274	2	104	2	30	1	86	2	0.831858	4	0.354922	2	274	1	772	2	188	1	226	2
206	974	2	756	2	64	1	72	2	96	2	0	1	0.668421	3	0.441176	2	360	2	816	2	254	2	380	2
207	270	1	167	1	37	1	13	1	35	1	0	1	0.753623	4	0.502304	3	109	1	217	1	52	1	69	1
208	13	1	14	1	9	1	1	1	0	1	1	1	1	4	0.166667	1	5	1	30	1	2	1	2	1
209	11	1	12	1	0	1	0	1	1	1	0	1	0.75	3	0.333333	2	4	1	12	1	3	1	4	1
210	53	1	42	1	0	1	1	1	10	1	0	1	0.527778	3	0.395349	2	17	1	43	1	19	1	36	1
211	461	1	397	1	10	1	25	1	97	2	1	1	0.630435	3	0.543243	3	201	1	370	1	58	1	92	1
212	1401	2	529	2	472	3	141	3	55	1	94	2	0.732558	3	0.442857	2	496	2	1120	2	315	2	430	2
213	474	1	345	1	48	1	14	1	50	1	11	1	0.742574	3	0.442922	2	194	1	438	1	75	1	101	1
214	840	2	517	2	84	1	53	1	23	1	81	2	0.71519	3	0.443073	2	323	2	729	2	113	1	158	1
215	770	1	158	1	226	2	38	1	4	1	18	1	0.793893	4	0.43038	2	272	1	632	1	208	2	262	2
216	186	1	68	1	54	1	38	1	4	1	28	1	0.75	3	0.421687	2	70	1	166	1	18	1	24	1
217	931	2	222	1	413	2	60	1	6	1	82	2	0.842324	4	0.481371	2	323	2	671	1	203	2	241	2
218	40	1	16	1	28	1	6	1	4	1	2	1	0.583333	3	0.3	2	12	1	40	1	14	1	24	1
219	46	1	44	1	8	1	4	1	8	1	2	1	0.666667	3	0.3	2	18	1	60	1	8	1	12	1
220	3334	4	802	2	600	3	264	4	86	2	258	4	0.778802	4	0.423131	2	1200	4	2836	4	676	4	868	4
221	2258	3	554	2	651	3	125	2	77	1	129	2	0.767141	4	0.502618	3	768	3	1528	3	593	4	773	4
222	18	1	3	1	5	1	3	1	0	1	2	1	0.5	2	0.3	2	6	1	20	1	4	1	8	1
223	2470	3	1110	3	168	1	142	3	42	1	170	3	0.646667	3	0.46139	2	956	4	2072	3	388	3	600	3
224	124	1	104	1	24	1	10	1	9	1	0	1	0.684211	3	0.441441	2	49	1	111	1	26	1	38	1
225	1301	2	703	2	137	1	63	1	98	2	0	1	0.680451	3	0.497778	2	560	2	1125	2	181	1	266	2
226	37	1	19	1	1	1	4	1	0	1	0	1	0.684211	3	0.413793	2	12	1	29	1	13	1	19	1
227	994	2	356	1	158	1	45	1	40	1	59	1	0.735192	3	0.467097	2	362	2	775	2	211	2	287	2
228	744	1	576	2	202	1	124	2	142	2	42	1	0.625	3	0.43949	2	276	1	628	1	150	1	240	2
229	1270	2	282	1	470	3	105	2	18	1	145	3	0.81685	4	0.370888	2	451	2	1216	2	223	2	273	2
230	741	1	478	2	58	1	79	2	29	1	36	1	0.710227	3	0.480929	2	290	1	603	1	125	1	176	1
231	623	1	372	1	47	1	37	1	52	1	15	1	0.797927	4	0.403197	2	227	1	563	1	154	1	193	1
232	511	1	395	1	48	1	44	1	66	1	0	1	0.637584	3	0.622754	3	208	1	334	1	95	1	149	1
233	130	1	48	1	63	1	11	1	1	1	13	1	0.95	4	0.441441	2	49	1	111	1	19	1	20	1
234	256	1	128	1	48	1	21	1	43	1	15	1	0.728571	3	0.452381	2	95	1	210	1	51	1	70	1
235	1619	2	353	1	369	2	82	2	5	1	129	2	0.817844	4	0.458153	2	635	3	1386	2	220	2	269	2
236	776	1	229	1	150	1	40	1	39	1	4	1	0.770428	4	0.460674	2	287	1	623	1	198	2	257	2
237	0	1	2	1	0	1	0	1	0	1	0	1	0	1	0	1	0	1	0	1	0	1	0	1
238	146	1	45	1	17	1	11	1	4	1	37	1	0.821429	4	0.361345	2	43	1	119	1	23	1	28	1
239	207	1	144	1	32	1	14	1	37	1	0	1	0.71831	3	0.443182	2	78	1	176	1	51	1	71	1
240	336	1	352	1	21	1	16	1	62	1	0	1	0.375	2	0.605042	3	144	1	238	1	48	1	128	1
241	1408	2	704	2	120	1	37	1	94	2	0	1	0.749186	3	0.490017	2	589	2	1202	2	230	2	307	2
242	324	1	66	1	39	1	21	1	6	1	63	1	0.6	3	0.418605	2	126	1	301	1	9	1	15	1
243	56	1	36	1	30	1	6	1	2	1	4	1	0.666667	3	0.34375	2	22	1	64	1	8	1	12	1
244	824	1	445	2	724	4	145	3	35	1	176	3	0.808081	4	0.423249	2	284	1	671	1	80	1	99	1
245	688	1	264	1	158	1	83	2	71	1	26	1	0.74359	3	0.506224	3	244	1	482	1	174	1	234	2
246	374	1	111	1	89	1	26	1	12	1	59	1	0.795918	4	0.492857	2	138	1	280	1	39	1	49	1
247	53	1	45	1	6	1	2	1	4	1	0	1	0.6	3	0.468085	2	22	1	47	1	9	1	15	1
248	639	1	383	1	52	1	32	1	45	1	1	1	0.716981	3	0.501786	3	281	1	560	1	76	1	106	1
249	7	1	4	1	2	1	0	1	0	1	1	1	0	1	0.5	2	3	1	6	1	0	1	0	1
250	2686	4	936	3	132	1	110	2	126	2	2	1	0.805621	4	0.535983	3	998	4	1862	3	688	4	854	4
251	88	1	38	1	0	1	2	1	4	1	18	1	0.6	3	0.372093	2	32	1	86	1	6	1	10	1
252	226	1	34	1	52	1	22	1	2	1	10	1	0.77551	4	0.466667	2	70	1	150	1	76	1	98	1
253	542	1	124	1	203	1	48	1	2	1	34	1	0.757143	4	0.515385	3	201	1	390	1	106	1	140	1
254	885	2	252	1	121	1	93	2	20	1	76	2	0.869281	4	0.436129	2	338	2	775	2	133	1	153	1
255	1640	2	949	3	295	2	85	2	40	1	0	1	0.812121	4	0.54531	3	686	3	1258	2	268	2	330	2
256	1013	2	318	1	107	1	78	2	28	1	168	3	0.805556	4	0.434783	2	350	2	805	2	145	1	180	1
257	500	1	156	1	258	2	34	1	22	1	0	1	0.875	4	0.517413	3	208	1	402	1	84	1	96	1
258	1542	2	709	2	187	1	55	1	139	2	0	1	0.817289	4	0.498671	2	563	2	1129	2	416	3	509	3
259	430	1	248	1	7	1	10	1	53	1	0	1	0.704	3	0.587629	3	171	1	291	1	88	1	125	1
260	842	2	658	2	136	1	43	1	23	1	35	1	0.815217	4	0.450464	2	291	1	646	1	225	2	276	2
261	620	1	247	1	305	2	60	1	9	1	37	1	0.826923	4	0.396552	2	184	1	464	1	215	2	260	2
262	1387	2	373	1	172	1	52	1	4	1	13	1	0.834846	4	0.515801	3	457	2	886	2	460	3	551	3
263	77	1	121	1	1	1	9	1	11	1	0	1	0.355932	2	0.5	2	28	1	56	1	21	1	59	1
264	101	1	52	1	2	1	3	1	8	1	0	1	0.659574	3	0.636364	3	35	1	55	1	31	1	47	1
265	898	2	477	2	107	1	69	2	61	1	3	1	0.755396	4	0.507712	3	395	2	778	2	105	1	139	1
266	10	1	23	1	2	1	0	1	3	1	0	1	0.4	2	0.5	2	4	1	8	1	2	1	5	1
267	282	1	136	1	32	1	22	1	2	1	34	1	0.8	4	0.367647	2	100	1	272	1	48	1	60	1
268	667	1	546	2	109	1	72	2	61	1	8	1	0.556886	3	0.456452	2	283	1	620	1	93	1	167	1
269	1892	3	328	1	222	1	92	2	12	1	140	3	0.876471	4	0.417027	2	578	2	1386	2	596	4	680	4
270	13	1	13	1	2	1	1	1	1	1	0	1	0.75	3	0.416667	2	5	1	12	1	3	1	4	1
271	501	1	162	1	137	1	30	1	14	1	88	2	0.794118	4	0.389113	2	193	1	496	1	27	1	34	1
272	769	1	191	1	124	1	64	1	15	1	63	1	0.829016	4	0.483186	2	273	1	565	1	160	1	193	1
273	513	1	401	1	39	1	36	1	38	1	0	1	0.574194	3	0.510843	3	212	1	415	1	89	1	155	1
274	764	1	258	1	532	3	80	2	20	1	44	1	0.722222	3	0.418478	2	308	2	736	2	104	1	144	1
275	1432	2	311	1	242	2	98	2	17	1	136	3	0.80916	4	0.458157	2	542	2	1183	2	212	2	262	2
276	123	1	70	1	17	1	12	1	7	1	0	1	0.65625	3	0.459459	2	51	1	111	1	21	1	32	1
277	453	1	400	1	81	1	60	1	39	1	6	1	0.699248	3	0.479675	2	177	1	369	1	93	1	133	1
278	105	1	87	1	8	1	5	1	29	1	0	1	0.473684	2	0.466019	2	48	1	103	1	9	1	19	1
279	446	1	455	2	83	1	43	1	32	1	0	1	0.631579	3	0.478972	2	205	1	428	1	36	1	57	1
280	386	1	243	1	14	1	16	1	101	2	0	1	0.637931	3	0.508143	3	156	1	307	1	74	1	116	1
281	490	1	188	1	198	1	30	1	28	1	32	1	0.746032	3	0.387234	2	182	1	470	1	94	1	126	1
282	76	1	158	1	22	1	10	1	8	1	0	1	0	1	0.365385	2	38	1	104	1	0	1	14	1
283	179	1	127	1	44	1	17	1	16	1	8	1	0.5	2	0.520548	3	76	1	146	1	19	1	38	1
284	562	1	198	1	78	1	36	1	10	1	84	2	0.794872	4	0.38806	2	208	1	536	1	62	1	78	1
285	78	1	70	1	6	1	8	1	18	1	0	1	0.541667	3	0.393939	2	26	1	66	1	26	1	48	1
286	622	1	168	1	105	1	58	1	17	1	74	2	0.694737	3	0.428826	2	241	1	562	1	66	1	95	1
287	430	1	302	1	94	1	44	1	68	1	0	1	0.535714	3	0.490196	2	200	1	408	1	30	1	56	1
288	1146	2	266	1	445	2	93	2	9	1	16	1	0.821429	4	0.444934	2	404	2	908	2	322	2	392	2
289	719	1	399	1	154	1	44	1	29	1	37	1	0.827273	4	0.430293	2	250	1	581	1	182	1	220	2
290	586	1	336	1	213	1	39	1	12	1	82	2	0.823529	4	0.501155	3	217	1	433	1	70	1	85	1
291	2451	3	1001	3	812	4	176	3	50	1	135	3	0.823529	4	0.453174	2	871	3	1922	3	574	4	697	4
292	954	2	559	2	131	1	64	1	99	2	1	1	0.693182	3	0.537709	3	385	2	716	2	183	1	264	2
293	26	1	2	1	5	1	0	1	0	1	2	1	0.571429	3	0.416667	2	10	1	24	1	4	1	7	1
294	459	1	304	1	28	1	15	1	43	1	0	1	0.648	3	0.552632	3	189	1	342	1	81	1	125	1
295	296	1	191	1	49	1	34	1	30	1	32	1	0.8	4	0.461538	2	114	1	247	1	36	1	45	1
296	115	1	69	1	36	1	5	1	13	1	0	1	0.636364	3	0.6	3	54	1	90	1	7	1	11	1
297	74	1	32	1	18	1	3	1	2	1	5	1	0.625	3	0.376471	2	32	1	85	1	5	1	8	1
298	62	1	38	1	2	1	5	1	3	1	0	1	0.592593	3	0.560976	3	23	1	41	1	16	1	27	1
299	899	2	259	1	104	1	65	1	16	1	140	3	0.885965	4	0.467994	2	329	2	703	1	101	1	114	1
300	14	1	10	1	1	1	2	1	0	1	0	1	0	1	0.368421	2	7	1	19	1	0	1	0	1
301	1050	2	737	2	150	1	72	2	34	1	128	2	0.797927	4	0.472325	2	384	2	813	2	154	1	193	1
302	1492	2	366	1	270	2	92	2	32	1	138	3	0.726804	3	0.392387	2	536	2	1366	2	282	2	388	2
303	314	1	230	1	58	1	52	1	28	1	38	1	0.583333	3	0.424658	2	124	1	292	1	28	1	48	1
304	1333	2	268	1	892	4	42	1	12	1	124	2	0.937778	4	0.506599	3	499	2	985	2	211	2	225	2
305	818	1	194	1	353	2	48	1	2	1	86	2	0.844828	4	0.449008	2	317	2	706	1	98	1	116	1
306	163	1	89	1	25	1	10	1	17	1	0	1	0.2	1	0.543624	3	81	1	149	1	1	1	5	1
307	687	1	705	2	132	1	32	1	100	2	0	1	0.744292	3	0.503846	3	262	1	520	1	163	1	219	2
308	635	1	222	1	75	1	32	1	26	1	96	2	0.717172	3	0.398637	2	234	1	587	1	71	1	99	1
309	113	1	33	1	6	1	7	1	2	1	22	1	0.777778	4	0.388889	2	42	1	108	1	7	1	9	1
310	2027	3	620	2	218	1	70	2	79	1	51	1	0.914676	4	0.481283	2	720	3	1496	3	536	3	586	3
311	83	1	105	1	51	1	11	1	9	1	0	1	0.764706	4	0.625	3	35	1	56	1	13	1	17	1
312	19	1	11	1	1	1	2	1	4	1	0	1	0.5	2	0.533333	3	8	1	15	1	3	1	6	1
313	233	1	178	1	19	1	8	1	48	1	0	1	0.765625	4	0.605263	3	92	1	152	1	49	1	64	1
314	882	2	802	2	267	2	75	2	59	1	58	1	0.693069	3	0.462788	2	342	2	739	2	140	1	202	1
315	850	2	742	2	55	1	54	1	127	2	0	1	0.562044	3	0.530488	3	348	2	656	1	154	1	274	2
316	988	2	515	2	119	1	38	1	81	2	82	2	0.820084	4	0.458065	2	355	2	775	2	196	2	239	2
317	44	1	25	1	20	1	9	1	0	1	0	1	1	4	0.4	2	18	1	45	1	8	1	8	1
318	950	2	486	2	92	1	25	1	95	2	0	1	0.72	3	0.528859	3	394	2	745	2	162	1	225	2
319	636	1	355	1	80	1	15	1	62	1	0	1	0.495575	2	0.565875	3	262	1	463	1	112	1	226	2
320	618	1	242	1	68	1	36	1	34	1	80	2	0.830508	4	0.391459	2	220	1	562	1	98	1	118	1
321	333	1	293	1	42	1	37	1	30	1	0	1	0.65035	3	0.487805	2	120	1	246	1	93	1	143	1
322	344	1	78	1	89	1	29	1	2	1	38	1	0.933333	4	0.346457	2	132	1	381	1	42	1	45	1
323	595	1	231	1	157	1	63	1	18	1	108	2	0.789474	4	0.433684	2	206	1	475	1	75	1	95	1
324	894	2	135	1	317	2	29	1	8	1	10	1	0.756098	4	0.48743	2	349	2	716	2	186	1	246	2
325	841	2	191	1	480	3	96	2	8	1	52	1	0.847368	4	0.492936	2	314	2	637	1	161	1	190	1
326	263	1	117	1	58	1	23	1	6	1	35	1	0.384615	2	0.363333	2	109	1	300	1	10	1	26	1
327	197	1	124	1	11	1	9	1	14	1	14	1	0.90625	4	0.409574	2	77	1	188	1	29	1	32	1
328	104	1	98	1	1	1	7	1	16	1	0	1	0.9	4	0.661538	3	43	1	65	1	18	1	20	1
329	791	1	595	2	80	1	26	1	132	2	0	1	0.582143	3	0.601533	3	314	2	522	1	163	1	280	2
330	327	1	126	1	42	1	25	1	5	1	62	1	0.611111	3	0.385382	2	116	1	301	1	33	1	54	1
331	122	1	129	1	14	1	10	1	13	1	0	1	0.666667	3	0.534653	3	54	1	101	1	14	1	21	1
332	1296	2	310	1	218	1	84	2	31	1	109	2	0.852194	4	0.471742	2	409	2	867	2	369	2	433	2
333	651	1	215	1	49	1	53	1	31	1	116	2	0.633028	3	0.432282	2	233	1	539	1	69	1	109	1
334	399	1	329	1	117	1	42	1	19	1	81	2	0.825	4	0.365217	2	126	1	345	1	66	1	80	1
335	79	1	61	1	0	1	6	1	2	1	0	1	0.587302	3	0.428571	2	21	1	49	1	37	1	63	1
336	169	1	116	1	35	1	9	1	6	1	7	1	0.645161	3	0.365979	2	71	1	194	1	20	1	31	1
337	410	1	88	1	106	1	35	1	3	1	60	1	0.8	4	0.409605	2	145	1	354	1	60	1	75	1
338	255	1	74	1	123	1	40	1	13	1	18	1	0.694915	3	0.404959	2	98	1	242	1	41	1	59	1
339	661	1	248	1	161	1	34	1	22	1	27	1	0.714286	3	0.486207	2	282	1	580	1	70	1	98	1
340	123	1	238	1	8	1	8	1	43	1	0	1	0.647059	3	0.523256	3	45	1	86	1	33	1	51	1
341	56	1	16	1	29	1	9	1	1	1	10	1	1	4	0.357143	2	20	1	56	1	6	1	6	1
342	512	1	356	1	90	1	58	1	14	1	60	1	0.740741	3	0.377289	2	206	1	546	1	40	1	54	1
343	384	1	215	1	42	1	28	1	51	1	1	1	0.801471	4	0.443366	2	137	1	309	1	109	1	136	1
344	28	1	28	1	2	1	2	1	2	1	0	1	1	4	0.333333	2	12	1	36	1	4	1	4	1
345	1681	3	950	3	149	1	80	2	34	1	15	1	0.778495	4	0.488024	2	652	3	1336	2	362	2	465	3
346	356	1	314	1	50	1	24	1	122	2	0	1	0.76	4	0.460526	2	140	1	304	1	76	1	100	1
347	215	1	54	1	39	1	19	1	2	1	18	1	0.712121	3	0.352113	2	75	1	213	1	47	1	66	1
348	788	1	155	1	158	1	28	1	4	1	111	2	0.86036	4	0.439421	2	243	1	553	1	191	2	222	2
349	37	1	59	1	7	1	8	1	4	1	0	1	0.636364	3	0.517241	3	15	1	29	1	7	1	11	1
350	1239	2	404	1	143	1	66	1	33	1	157	3	0.73913	3	0.473948	2	473	2	998	2	136	1	184	1
351	678	1	374	1	93	1	70	2	18	1	142	3	0.732394	3	0.431373	2	242	1	561	1	52	1	71	1
352	852	2	143	1	324	2	54	1	7	1	69	2	0.907143	4	0.478134	2	328	2	686	1	127	1	140	1
353	1134	2	220	1	326	2	98	2	10	1	174	3	0.746269	3	0.436105	2	430	2	986	2	100	1	134	1
354	868	2	178	1	424	2	100	2	10	1	64	1	0.731183	3	0.475783	2	334	2	702	1	136	1	186	1
355	1110	2	360	1	794	4	189	3	11	1	17	1	0.620567	3	0.507743	3	459	2	904	2	175	1	282	2
356	1619	2	293	1	469	3	57	1	27	1	16	1	0.766272	4	0.489439	2	672	3	1373	2	259	2	338	2
357	184	1	98	1	24	1	26	1	12	1	8	1	0.571429	3	0.36036	2	80	1	222	1	16	1	28	1
358	1398	2	285	1	305	2	61	1	16	1	73	2	0.779545	4	0.473025	2	491	2	1038	2	343	2	440	3
359	774	1	346	1	112	1	56	1	65	1	124	2	0.629213	3	0.423077	2	297	1	702	1	56	1	89	1
360	9	1	6	1	4	1	2	1	3	1	1	1	0	1	0.363636	2	4	1	11	1	0	1	0	1
361	2490	3	540	2	446	2	198	3	52	1	236	4	0.829508	4	0.440969	2	874	3	1982	3	506	3	610	3
362	78	1	48	1	27	1	9	1	4	1	16	1	0.666667	3	0.341176	2	29	1	85	1	4	1	6	1
363	1329	2	705	2	169	1	63	1	26	1	1	1	0.779026	4	0.513761	3	560	2	1090	2	208	2	267	2
364	489	1	387	1	145	1	97	2	46	1	41	1	0.674157	3	0.439909	2	194	1	441	1	60	1	89	1
365	674	1	214	1	258	2	55	1	5	1	1	1	0.716738	3	0.455856	2	253	1	555	1	167	1	233	2
366	122	1	63	1	15	1	15	1	3	1	20	1	0.9	4	0.358974	2	42	1	117	1	18	1	20	1
367	508	1	552	2	62	1	56	1	86	2	14	1	0.854839	4	0.38189	2	194	1	508	1	106	1	124	1
368	26	1	27	1	0	1	3	1	4	1	0	1	0.75	3	0.4	2	10	1	25	1	6	1	8	1
369	585	1	287	1	84	1	33	1	25	1	1	1	0.634615	3	0.56927	3	226	1	397	1	132	1	208	1
370	189	1	135	1	33	1	21	1	28	1	10	1	0.690476	3	0.431034	2	75	1	174	1	29	1	42	1
371	194	1	157	1	21	1	6	1	19	1	1	1	0.8125	4	0.398964	2	77	1	193	1	39	1	48	1
372	1269	2	705	2	342	2	130	2	173	3	0	1	0.618483	3	0.504505	3	504	2	999	2	261	2	422	2
373	1156	2	234	1	183	1	99	2	20	1	158	3	0.706468	3	0.414327	2	428	2	1033	2	142	1	201	1
374	543	1	232	1	70	1	62	1	14	1	1	1	0.810811	4	0.493852	2	241	1	488	1	60	1	74	1
375	532	1	252	1	36	1	29	1	34	1	0	1	0.744828	3	0.477477	2	212	1	444	1	108	1	145	1
376	358	1	100	1	70	1	21	1	9	1	45	1	0.797101	4	0.408228	2	129	1	316	1	55	1	69	1
377	272	1	182	1	112	1	32	1	12	1	38	1	0.714286	3	0.282209	2	92	1	326	1	50	1	70	1
378	784	1	227	1	92	1	48	1	5	1	132	3	0.897196	4	0.40407	2	278	1	688	1	96	1	107	1
379	1896	3	732	2	82	1	52	1	83	2	1	1	0.77057	4	0.556962	3	704	3	1264	2	487	3	632	3
380	1215	2	281	1	348	2	101	2	12	1	18	1	0.832869	4	0.404869	2	449	2	1109	2	299	2	359	2
381	134	1	45	1	16	1	8	1	7	1	15	1	0.710526	3	0.353846	2	46	1	130	1	27	1	38	1
382	128	1	46	1	16	1	10	1	3	1	5	1	0.717391	3	0.378151	2	45	1	119	1	33	1	46	1
383	228	1	67	1	122	1	34	1	11	1	7	1	0.836735	4	0.396476	2	90	1	227	1	41	1	49	1
384	416	1	90	1	252	2	48	1	10	1	26	1	0.783784	4	0.412935	2	166	1	402	1	58	1	74	1
385	272	1	62	1	42	1	26	1	12	1	26	1	0.7	3	0.435644	2	88	1	202	1	70	1	100	1
386	1280	2	140	1	292	2	94	2	17	1	136	3	0.865672	4	0.43804	2	456	2	1041	2	232	2	268	2
387	208	1	243	1	11	1	15	1	89	2	0	1	0.580645	3	0.587786	3	77	1	131	1	54	1	93	1
388	75	1	64	1	1	1	4	1	16	1	0	1	0.590909	3	0.455882	2	31	1	68	1	13	1	22	1
389	41	1	86	1	15	1	10	1	10	1	0	1	0.583333	3	0.485714	2	17	1	35	1	7	1	12	1
390	210	1	291	1	47	1	26	1	46	1	0	1	0.8	4	0.475962	2	99	1	208	1	12	1	15	1
391	135	1	41	1	14	1	10	1	2	1	16	1	0.875	4	0.462264	2	49	1	106	1	21	1	24	1
392	1016	2	670	2	112	1	126	2	170	3	0	1	0.685714	3	0.461905	2	388	2	840	2	240	2	350	2
393	939	2	637	2	124	1	41	1	73	1	1	1	0.714801	3	0.471939	2	370	2	784	2	198	2	277	2
394	1608	2	588	2	180	1	90	2	70	1	22	1	0.725118	3	0.473373	2	640	3	1352	2	306	2	422	2
395	1057	2	211	1	113	1	58	1	11	1	117	2	0.813559	4	0.450736	2	398	2	883	2	144	1	177	1
396	133	1	66	1	108	1	33	1	5	1	7	1	0.814815	4	0.371429	2	52	1	140	1	22	1	27	1
397	1078	2	640	2	174	1	64	1	66	1	100	2	0.768657	4	0.429844	2	386	2	898	2	206	2	268	2
398	102	1	20	1	8	1	0	1	0	1	2	1	0.761905	4	0.435897	2	34	1	78	1	32	1	42	1
399	207	1	191	1	90	1	23	1	54	1	0	1	0.474359	2	0.582192	3	85	1	146	1	37	1	78	1
400	835	2	343	1	304	2	55	1	32	1	108	2	0.774336	4	0.409496	2	276	1	674	1	175	1	226	2
401	250	1	191	1	58	1	34	1	6	1	26	1	0.736842	3	0.377593	2	91	1	241	1	42	1	57	1
402	1023	2	219	1	372	2	89	2	10	1	75	2	0.836879	4	0.49346	2	415	2	841	2	118	1	141	1
403	40	1	3	1	12	1	1	1	0	1	3	1	0.818182	4	0.466667	2	14	1	30	1	9	1	11	1
404	651	1	578	2	87	1	71	2	67	1	1	1	0.662857	3	0.571734	3	267	1	467	1	116	1	175	1
405	931	2	365	1	53	1	48	1	55	1	99	2	0.815385	4	0.438936	2	363	2	827	2	106	1	130	1
406	185	1	79	1	41	1	20	1	4	1	25	1	0.848485	4	0.402439	2	66	1	164	1	28	1	33	1
407	2045	3	373	1	501	3	142	3	82	2	73	2	0.760684	4	0.475844	2	719	3	1511	3	534	3	702	4
408	658	1	176	1	80	1	46	1	6	1	100	2	0.795918	4	0.517241	3	240	1	464	1	78	1	98	1
409	381	1	597	2	105	1	86	2	84	2	0	1	0.40625	2	0.541096	3	158	1	292	1	65	1	160	1
410	1386	2	762	2	161	1	117	2	83	2	52	1	0.775735	4	0.483563	2	456	2	943	2	422	3	544	3
411	710	1	325	1	80	1	80	2	70	1	82	2	0.768	4	0.409231	2	266	1	650	1	96	1	125	1
412	69	1	38	1	40	1	10	1	1	1	7	1	0.5	2	0.357143	2	30	1	84	1	2	1	4	1
413	1466	2	628	2	104	1	48	1	36	1	2	1	0.737226	3	0.481818	2	530	2	1100	2	404	3	548	3
414	667	1	169	1	180	1	103	2	8	1	45	1	0.771084	4	0.467803	2	247	1	528	1	128	1	166	1
415	619	1	240	1	399	2	104	2	16	1	53	1	0.710059	3	0.425573	2	223	1	524	1	120	1	169	1
416	36	1	18	1	11	1	6	1	6	1	7	1	0.833333	4	0.363636	2	12	1	33	1	5	1	6	1
417	768	1	268	1	62	1	45	1	40	1	124	2	0.812903	4	0.405321	2	259	1	639	1	126	1	155	1
418	518	1	192	1	101	1	39	1	25	1	2	1	0.6875	3	0.515284	3	236	1	458	1	44	1	64	1
419	1322	2	401	1	652	3	108	2	34	1	23	1	0.779621	4	0.418103	2	485	2	1160	2	329	2	422	2
420	1541	2	605	2	239	2	76	2	60	1	7	1	0.865497	4	0.504894	3	619	3	1226	2	296	2	342	2
421	528	1	169	1	196	1	55	1	28	1	25	1	0.809859	4	0.444954	2	194	1	436	1	115	1	142	1
422	30	1	27	1	9	1	8	1	0	1	0	1	0.6	3	0.571429	3	12	1	21	1	6	1	10	1
423	59	1	23	1	4	1	5	1	3	1	0	1	0.9	4	0.609756	3	25	1	41	1	9	1	10	1
424	152	1	117	1	13	1	13	1	12	1	0	1	0.5	2	0.525	3	63	1	120	1	26	1	52	1
425	451	1	249	1	135	1	66	1	25	1	18	1	0.79845	4	0.433071	2	165	1	381	1	103	1	129	1
426	16	1	4	1	4	1	0	1	0	1	2	1	0.5	2	0.5	2	6	1	12	1	2	1	4	1
427	1419	2	303	1	798	4	96	2	16	1	96	2	0.801435	4	0.469136	2	494	2	1053	2	335	2	418	2
428	493	1	126	1	298	2	53	1	3	1	84	2	0.756098	4	0.443662	2	189	1	426	1	31	1	41	1
429	224	1	83	1	34	1	12	1	5	1	30	1	0.711111	3	0.393204	2	81	1	206	1	32	1	45	1
430	898	2	187	1	268	2	80	2	15	1	70	2	0.824034	4	0.469719	2	318	2	677	1	192	2	233	2
431	1092	2	206	1	368	2	70	2	21	1	159	3	0.893939	4	0.442105	2	378	2	855	2	177	1	198	1
432	820	1	416	1	93	1	66	1	46	1	40	1	0.818605	4	0.454819	2	302	2	664	1	176	1	215	1
433	269	1	93	1	161	1	32	1	1	1	24	1	0.672727	3	0.383764	2	104	1	271	1	37	1	55	1
434	365	1	110	1	66	1	22	1	6	1	33	1	0.83871	4	0.4947	2	140	1	283	1	52	1	62	1
435	52	1	46	1	1	1	8	1	19	1	0	1	0.526316	3	0.428571	2	21	1	49	1	10	1	19	1
436	201	1	146	1	21	1	13	1	21	1	0	1	0.765306	4	0.520661	3	63	1	121	1	75	1	98	1
437	656	1	348	1	223	1	43	1	10	1	31	1	0.715278	3	0.400922	2	261	1	651	1	103	1	144	1
438	435	1	190	1	71	1	30	1	11	1	58	1	0.688312	3	0.406015	2	162	1	399	1	53	1	77	1
439	510	1	235	1	91	1	52	1	32	1	61	1	0.884058	4	0.463007	2	194	1	419	1	61	1	69	1
440	259	1	144	1	41	1	29	1	18	1	2	1	0.609756	3	0.5	2	116	1	232	1	25	1	41	1
441	639	1	102	1	48	1	28	1	8	1	69	2	0.8	4	0.417563	2	233	1	558	1	104	1	130	1
442	595	1	201	1	52	1	34	1	20	1	11	1	0.777143	4	0.450704	2	224	1	497	1	136	1	175	1
443	926	2	350	1	97	1	81	2	15	1	48	1	0.690909	3	0.469865	2	382	2	813	2	114	1	165	1